Returning 4:

u1: 0.9098
u2: 0.89095
u3: 0.88315
u4: 0.89325
u5: 0.89365
ua: 0.8688229056203606
ub: 0.878897136797455

Legitimate trials:

u1: 0.8285137232889976
u2: 0.8210107478043669
u3: 0.8135461601190608
u4: 
u5: 
ua: 
ub: 