Returning 4:

u1: 0.9098
u2: 0.89095
u3: 0.88315
u4: 